30

-0.2177001610931336 1.387791135248452
-0.7201880246339993 1.18467392058872
0.7288603979102973 -0.024809358353725497
-0.3401750839231254 -0.33255323858729674
-0.10242055501987488 0.62031585897206
-1.3352842903336344 0.1134297154559712
0.09553786654277177 0.003274875468295095
-0.5512022587601865 -0.2572987255800172
-1.4243969171631221 -0.42775473615557064
-0.467784708876075 -0.6948339236982461
0.6827434872533008 0.3112422011660831
0.8113612202123145 -0.5139844997839104
-0.7132409021925774 -0.13432213819317332
-0.18643045972024744 0.223072880992753
-0.12548602318280747 0.3431231766669783
-0.32100422730157013 -0.598163140044031
-0.377141296377294 -0.3653996531838745
0.8955422057564203 0.24384531589767547
-0.7031975589448602 -0.6779505421756622
-0.13969949295921802 -0.4968138023562121
0.19285163418070045 -0.3390864345412961
0.9886190862158306 0.7671307462573308
0.41797857100303004 -0.27725970671048294
-0.38131041837181956 1.1728952710172993
-1.3187969133416562 -0.3857143091892559
-0.25162562808800293 -1.3905135513334714
0.6692904654620968 -0.6752396153710006
0.19107606867093546 0.026641514049933566
0.222380760106822 -0.30568005616365884
-0.2840352733635392 -0.12193655472995606
